image: /afs/inf.ed.ac.uk/user/s19/s1925715/Desktop/sim_maps/house_map.pgm
resolution: 0.050000
origin: [-10.000000, -10.000000, 0.000000]
negate: 0
occupied_thresh: 0.65
free_thresh: 0.196

